0 0.083756 0.547381 0.112944 0.468095
0 0.191942 0.413095 0.061548 0.577619
0 0.233185 0.523333 0.027284 0.260952
0 0.228744 0.200238 0.028553 0.400476
0 0.145622 0.213571 0.015863 0.131905
0 0.113579 0.210952 0.019036 0.145714
0 0.092005 0.133571 0.024112 0.267143
0 0.374683 0.285952 0.018401 0.224286
0 0.403236 0.518095 0.051396 0.223810
0 0.472398 0.373810 0.012056 0.162857
0 0.594860 0.251190 0.038706 0.502381
0 0.657678 0.390476 0.057741 0.223810
0 0.625317 0.442857 0.006980 0.125714
0 0.740482 0.442143 0.007614 0.155714
0 0.774429 0.432857 0.024746 0.237143
0 0.767766 0.409048 0.016497 0.283810
0 0.815355 0.525238 0.031726 0.244762
0 0.850888 0.438333 0.077411 0.204286
0 0.874048 0.403571 0.029822 0.250000
0 0.914023 0.473095 0.015863 0.171905
0 0.953680 0.543571 0.059645 0.237619
0 0.978426 0.549286 0.041878 0.158571
0 0.949556 0.395476 0.045051 0.229048
1 0.328680 0.403095 0.060914 0.806190
1 0.516497 0.341190 0.045685 0.682381
1 0.708439 0.461905 0.026015 0.103810
