0 0.065990 0.556190 0.026650 0.180000
0 0.204315 0.545000 0.013959 0.127143
0 0.232551 0.566667 0.019670 0.101905
0 0.249683 0.495000 0.036168 0.298571
0 0.293464 0.525714 0.022208 0.111429
0 0.327411 0.527857 0.032995 0.365238
0 0.463515 0.451190 0.036168 0.182381
0 0.503173 0.390238 0.052030 0.107143
0 0.186865 0.303333 0.212563 0.606667
1 0.106599 0.400000 0.158629 0.800000
1 0.637056 0.248571 0.029188 0.497143
0 0.497145 0.188571 0.234137 0.377143
0 0.370876 0.278571 0.061548 0.557143
0 0.709391 0.488333 0.015228 0.076667
0 0.723033 0.427619 0.008249 0.239048
0 0.677348 0.481190 0.047589 0.104286
0 0.712563 0.416190 0.573604 0.049524
0 0.909898 0.345714 0.178934 0.212381
0 0.896891 0.356905 0.203680 0.109048
0 0.169416 0.485714 0.057107 0.249524
0 0.026015 0.540000 0.043147 0.100952
