1 0.907360 0.499762 0.184010 0.999524
1 0.401967 0.269286 0.042513 0.538571
1 0.376904 0.279048 0.032995 0.558095
1 0.464150 0.428810 0.015863 0.089048
0 0.890863 0.572857 0.217005 0.076190
0 0.059645 0.159524 0.119289 0.313333
0 0.124365 0.175714 0.076142 0.351429
0 0.314721 0.476429 0.017766 0.140476
0 0.874365 0.270714 0.105330 0.541429
0 0.722081 0.257857 0.059645 0.515714
0 0.788388 0.539762 0.183376 0.512857
0 0.784898 0.292381 0.060914 0.433333
0 0.832487 0.223810 0.067259 0.447619
0 0.639911 0.312381 0.090736 0.624762
0 0.619607 0.381905 0.045051 0.240000
0 0.592322 0.443333 0.028553 0.164762
0 0.533629 0.463571 0.017766 0.119524
0 0.508883 0.388333 0.006345 0.204286
0 0.491434 0.366190 0.005711 0.220952
0 0.361358 0.477619 0.023477 0.087619
0 0.307741 0.494286 0.017766 0.078095
0 0.298223 0.490714 0.025381 0.073810
0 0.071701 0.400476 0.045685 0.166667
0 0.072335 0.465000 0.021574 0.096667
