1 0.540609 0.447619 0.137056 0.895238
0 0.889911 0.318571 0.052665 0.330476
0 0.236675 0.732143 0.467005 0.119524
0 0.275698 0.215000 0.017132 0.430000
0 0.236675 0.262619 0.017766 0.230952
0 0.186548 0.225238 0.040609 0.397143
0 0.152284 0.211905 0.019036 0.360000
0 0.400381 0.606190 0.021574 0.293333
0 0.369289 0.534048 0.029188 0.165238
0 0.166244 0.574762 0.087563 0.169524
0 0.632297 0.449762 0.047589 0.299524
0 0.795051 0.239048 0.408629 0.152381
0 0.829632 0.644048 0.043782 0.160476
0 0.421637 0.503810 0.012056 0.115238
